2 0.0453125 0.5171875 0.0609375 0.6390625
2 0.096875 0.6625 0.0703125 0.3359375
2 0.153125 0.725 0.0890625 0.2546875
2 0.184375 0.396875 0.096875 0.371875
2 0.2765625 0.3875 0.078125 0.4234375
2 0.309375 0.728125 0.071875 0.2453125
2 0.378125 0.76875 0.090625 0.16875
2 0.4765625 0.73125 0.090625 0.215625
2 0.5515625 0.7515625 0.078125 0.1671875
2 0.625 0.7515625 0.078125 0.1671875
2 0.778125 0.678125 0.08125 0.165625
2 0.85625 0.696875 0.0875 0.16875
2 0.9234375 0.746875 0.09375 0.1859375
2 0.3546875 0.4421875 0.090625 0.2546875
2 0.4328125 0.3828125 0.065625 0.1359375
2 0.503125 0.35 0.084375 0.1703125
2 0.5859375 0.428125 0.084375 0.1765625
2 0.6375 0.2375 0.09375 0.1
2 0.6734375 0.496875 0.0796875 0.221875
2 0.7734375 0.5046875 0.08125 0.1609375
2 0.8421875 0.4375 0.065625 0.1328125
2 0.9125 0.4640625 0.0875 0.1625
2 0.975 0.4734375 0.0484375 0.14375
2 0.7234375 0.746875 0.0828125 0.1671875
2 0.2296875 0.6546875 0.078125 0.2578125
2 0.2703125 0.79375 0.0640625 0.134375