2 0.175 0.6703125 0.13125 0.215625
2 0.2 0.434375 0.084375 0.1390625
2 0.271875 0.3765625 0.0546875 0.071875
2 0.3 0.4359375 0.071875 0.05
2 0.353125 0.4546875 0.115625 0.1515625
2 0.6015625 0.315625 0.0890625 0.1140625
2 0.796875 0.196875 0.0609375 0.0765625
2 0.6578125 0.234375 0.0671875 0.084375
2 0.66875 0.30625 0.046875 0.040625
2 0.4796875 0.296875 0.046875 0.0421875
2 0.384375 0.284375 0.05 0.0359375
2 0.425 0.2546875 0.0484375 0.03125
2 0.384375 0.2296875 0.0375 0.03125
2 0.4734375 0.2375 0.0421875 0.03125
2 0.628125 0.203125 0.0359375 0.0296875
2 0.59375 0.196875 0.034375 0.0296875
2 0.515625 0.1921875 0.0296875 0.028125